-71.1301101, 42.3976992
-71.1302641, 42.3975498
-71.1306700, 42.3961077
-71.1284384, 42.3926847
-71.1244902, 42.3904661
-71.1210410, 42.3868386
-71.1215989, 42.3845564
-71.1215560, 42.3820204
-71.1206119, 42.3801184
-71.1167924, 42.3805622
-71.1129300, 42.3790088
-71.1124579, 42.3765677
-71.1133322, 42.3732845
-71.1153921, 42.3704311
-71.1139330, 42.3683384
-71.1137025, 42.3667708
-71.1124579, 42.3644878
-71.1101405, 42.3616656
-71.1073081, 42.3604606
-71.1028878, 42.3590019
-71.0942189, 42.3586848
-71.0880820, 42.3596678
-71.0848634, 42.3626169
-71.0871808, 42.3653122
-71.0917131, 42.3670247
-71.0927206, 42.3694519
-71.0927645, 42.3706450
-71.0928027, 42.3717487
-71.0924594, 42.3731120
-71.0938033, 42.3734855
-71.0940902, 42.3752045
-71.0943048, 42.3770116
-71.0933811, 42.3786953
-71.0920936, 42.3797097
-71.0923511, 42.3826262
-71.0967714, 42.3843062
-71.1033803, 42.3839892
-71.1068994, 42.3841794
-71.1108476, 42.3851621
-71.1139375, 42.3876345
-71.1157829, 42.3907408
-71.1161691, 42.3927059
-71.1142379, 42.3970479
-71.1174071, 42.3998543
-71.1271060, 42.4016290
-71.1301101, 42.3976992
{
  "coordinates": [
    [
      [
        -71.1301101,
        42.3976992
      ],
      [
        -71.1302641,
        42.3975498
      ],
      [
        -71.13067,
        42.3961077
      ],
      [
        -71.1284384,
        42.3926847
      ],
      [
        -71.1244902,
        42.3904661
      ],
      [
        -71.121041,
        42.3868386
      ],
      [
        -71.1215989,
        42.3845564
      ],
      [
        -71.121556,
        42.3820204
      ],
      [
        -71.1206119,
        42.3801184
      ],
      [
        -71.1167924,
        42.3805622
      ],
      [
        -71.11293,
        42.3790088
      ],
      [
        -71.1124579,
        42.3765677
      ],
      [
        -71.1133322,
        42.3732845
      ],
      [
        -71.1153921,
        42.3704311
      ],
      [
        -71.113933,
        42.3683384
      ],
      [
        -71.1137025,
        42.3667708
      ],
      [
        -71.1124579,
        42.3644878
      ],
      [
        -71.1101405,
        42.3616656
      ],
      [
        -71.1073081,
        42.3604606
      ],
      [
        -71.1028878,
        42.3590019
      ],
      [
        -71.0942189,
        42.3586848
      ],
      [
        -71.088082,
        42.3596678
      ],
      [
        -71.0848634,
        42.3626169
      ],
      [
        -71.0871808,
        42.3653122
      ],
      [
        -71.0917131,
        42.3670247
      ],
      [
        -71.0927206,
        42.3694519
      ],
      [
        -71.0927645,
        42.370645
      ],
      [
        -71.0928027,
        42.3717487
      ],
      [
        -71.0924594,
        42.373112
      ],
      [
        -71.0938033,
        42.3734855
      ],
      [
        -71.0940902,
        42.3752045
      ],
      [
        -71.0943048,
        42.3770116
      ],
      [
        -71.0933811,
        42.3786953
      ],
      [
        -71.0920936,
        42.3797097
      ],
      [
        -71.0923511,
        42.3826262
      ],
      [
        -71.0967714,
        42.3843062
      ],
      [
        -71.1033803,
        42.3839892
      ],
      [
        -71.1068994,
        42.3841794
      ],
      [
        -71.1108476,
        42.3851621
      ],
      [
        -71.1139375,
        42.3876345
      ],
      [
        -71.1157829,
        42.3907408
      ],
      [
        -71.1161691,
        42.3927059
      ],
      [
        -71.1142379,
        42.3970479
      ],
      [
        -71.1174071,
        42.3998543
      ],
      [
        -71.127106,
        42.401629
      ],
      [
        -71.1301101,
        42.3976992
      ]
    ]
  ],
  "type": "Polygon"
}